{
 "cells": [
  {
   "cell_type": "code",
   "execution_count": 3,
   "metadata": {},
   "outputs": [],
   "source": [
    "import pandas as pd\n",
    "import matplotlib.pyplot as plt\n",
    "import numpy as np\n",
    "import seaborn as sns\n",
    "from numpy import linalg as LA\n",
    "%matplotlib inline\n",
    "\n",
    "from sklearn.linear_model import LinearRegression"
   ]
  },
  {
   "cell_type": "code",
   "execution_count": 4,
   "metadata": {},
   "outputs": [],
   "source": [
    "DATAFILE = './datasets/bodyfatmen.csv'\n",
    "PATH_MULTICOL_PLOTS = './multicol_plots/'"
   ]
  },
  {
   "cell_type": "code",
   "execution_count": 10,
   "metadata": {},
   "outputs": [
    {
     "data": {
      "text/html": [
       "<div>\n",
       "<style scoped>\n",
       "    .dataframe tbody tr th:only-of-type {\n",
       "        vertical-align: middle;\n",
       "    }\n",
       "\n",
       "    .dataframe tbody tr th {\n",
       "        vertical-align: top;\n",
       "    }\n",
       "\n",
       "    .dataframe thead th {\n",
       "        text-align: right;\n",
       "    }\n",
       "</style>\n",
       "<table border=\"1\" class=\"dataframe\">\n",
       "  <thead>\n",
       "    <tr style=\"text-align: right;\">\n",
       "      <th></th>\n",
       "      <th>density</th>\n",
       "      <th>age</th>\n",
       "      <th>weight</th>\n",
       "      <th>height</th>\n",
       "      <th>neck</th>\n",
       "      <th>chest</th>\n",
       "      <th>abdomen</th>\n",
       "      <th>hip</th>\n",
       "      <th>thigh</th>\n",
       "      <th>knee</th>\n",
       "      <th>ankle</th>\n",
       "      <th>biceps</th>\n",
       "      <th>forearm</th>\n",
       "      <th>wrist</th>\n",
       "    </tr>\n",
       "  </thead>\n",
       "  <tbody>\n",
       "    <tr>\n",
       "      <th>228</th>\n",
       "      <td>1.0636</td>\n",
       "      <td>58</td>\n",
       "      <td>175.50</td>\n",
       "      <td>71.50</td>\n",
       "      <td>38.0</td>\n",
       "      <td>100.2</td>\n",
       "      <td>88.1</td>\n",
       "      <td>97.8</td>\n",
       "      <td>57.1</td>\n",
       "      <td>38.9</td>\n",
       "      <td>23.6</td>\n",
       "      <td>30.9</td>\n",
       "      <td>29.6</td>\n",
       "      <td>18.0</td>\n",
       "    </tr>\n",
       "    <tr>\n",
       "      <th>229</th>\n",
       "      <td>1.0384</td>\n",
       "      <td>58</td>\n",
       "      <td>161.75</td>\n",
       "      <td>67.25</td>\n",
       "      <td>35.1</td>\n",
       "      <td>94.9</td>\n",
       "      <td>94.9</td>\n",
       "      <td>100.2</td>\n",
       "      <td>56.8</td>\n",
       "      <td>35.9</td>\n",
       "      <td>21.0</td>\n",
       "      <td>27.8</td>\n",
       "      <td>26.1</td>\n",
       "      <td>17.6</td>\n",
       "    </tr>\n",
       "    <tr>\n",
       "      <th>230</th>\n",
       "      <td>1.0403</td>\n",
       "      <td>60</td>\n",
       "      <td>157.75</td>\n",
       "      <td>67.50</td>\n",
       "      <td>40.4</td>\n",
       "      <td>97.2</td>\n",
       "      <td>93.3</td>\n",
       "      <td>94.0</td>\n",
       "      <td>54.3</td>\n",
       "      <td>35.7</td>\n",
       "      <td>21.0</td>\n",
       "      <td>31.3</td>\n",
       "      <td>28.7</td>\n",
       "      <td>18.3</td>\n",
       "    </tr>\n",
       "    <tr>\n",
       "      <th>231</th>\n",
       "      <td>1.0563</td>\n",
       "      <td>62</td>\n",
       "      <td>168.75</td>\n",
       "      <td>67.50</td>\n",
       "      <td>38.3</td>\n",
       "      <td>104.7</td>\n",
       "      <td>95.6</td>\n",
       "      <td>93.7</td>\n",
       "      <td>54.4</td>\n",
       "      <td>37.1</td>\n",
       "      <td>22.7</td>\n",
       "      <td>30.3</td>\n",
       "      <td>26.3</td>\n",
       "      <td>18.3</td>\n",
       "    </tr>\n",
       "    <tr>\n",
       "      <th>232</th>\n",
       "      <td>1.0424</td>\n",
       "      <td>62</td>\n",
       "      <td>191.50</td>\n",
       "      <td>72.25</td>\n",
       "      <td>40.6</td>\n",
       "      <td>104.0</td>\n",
       "      <td>98.2</td>\n",
       "      <td>101.1</td>\n",
       "      <td>59.3</td>\n",
       "      <td>40.3</td>\n",
       "      <td>23.0</td>\n",
       "      <td>32.6</td>\n",
       "      <td>28.5</td>\n",
       "      <td>19.0</td>\n",
       "    </tr>\n",
       "    <tr>\n",
       "      <th>233</th>\n",
       "      <td>1.0372</td>\n",
       "      <td>63</td>\n",
       "      <td>219.15</td>\n",
       "      <td>69.50</td>\n",
       "      <td>40.2</td>\n",
       "      <td>117.6</td>\n",
       "      <td>113.8</td>\n",
       "      <td>111.8</td>\n",
       "      <td>63.4</td>\n",
       "      <td>41.1</td>\n",
       "      <td>22.3</td>\n",
       "      <td>35.1</td>\n",
       "      <td>29.6</td>\n",
       "      <td>18.5</td>\n",
       "    </tr>\n",
       "    <tr>\n",
       "      <th>234</th>\n",
       "      <td>1.0705</td>\n",
       "      <td>64</td>\n",
       "      <td>155.25</td>\n",
       "      <td>69.50</td>\n",
       "      <td>37.9</td>\n",
       "      <td>95.8</td>\n",
       "      <td>82.8</td>\n",
       "      <td>94.5</td>\n",
       "      <td>61.2</td>\n",
       "      <td>39.1</td>\n",
       "      <td>22.3</td>\n",
       "      <td>29.8</td>\n",
       "      <td>28.9</td>\n",
       "      <td>18.3</td>\n",
       "    </tr>\n",
       "    <tr>\n",
       "      <th>235</th>\n",
       "      <td>1.0316</td>\n",
       "      <td>65</td>\n",
       "      <td>189.75</td>\n",
       "      <td>65.75</td>\n",
       "      <td>40.8</td>\n",
       "      <td>106.4</td>\n",
       "      <td>100.5</td>\n",
       "      <td>100.5</td>\n",
       "      <td>59.2</td>\n",
       "      <td>38.1</td>\n",
       "      <td>24.0</td>\n",
       "      <td>35.9</td>\n",
       "      <td>30.5</td>\n",
       "      <td>19.1</td>\n",
       "    </tr>\n",
       "    <tr>\n",
       "      <th>236</th>\n",
       "      <td>1.0599</td>\n",
       "      <td>65</td>\n",
       "      <td>127.50</td>\n",
       "      <td>65.75</td>\n",
       "      <td>34.7</td>\n",
       "      <td>93.0</td>\n",
       "      <td>79.7</td>\n",
       "      <td>87.6</td>\n",
       "      <td>50.7</td>\n",
       "      <td>33.4</td>\n",
       "      <td>20.1</td>\n",
       "      <td>28.5</td>\n",
       "      <td>24.8</td>\n",
       "      <td>16.5</td>\n",
       "    </tr>\n",
       "    <tr>\n",
       "      <th>237</th>\n",
       "      <td>1.0207</td>\n",
       "      <td>65</td>\n",
       "      <td>224.50</td>\n",
       "      <td>68.25</td>\n",
       "      <td>38.8</td>\n",
       "      <td>119.6</td>\n",
       "      <td>118.0</td>\n",
       "      <td>114.3</td>\n",
       "      <td>61.3</td>\n",
       "      <td>42.1</td>\n",
       "      <td>23.4</td>\n",
       "      <td>34.9</td>\n",
       "      <td>30.1</td>\n",
       "      <td>19.4</td>\n",
       "    </tr>\n",
       "    <tr>\n",
       "      <th>238</th>\n",
       "      <td>1.0304</td>\n",
       "      <td>66</td>\n",
       "      <td>234.25</td>\n",
       "      <td>72.00</td>\n",
       "      <td>41.4</td>\n",
       "      <td>119.7</td>\n",
       "      <td>109.0</td>\n",
       "      <td>109.1</td>\n",
       "      <td>63.7</td>\n",
       "      <td>42.4</td>\n",
       "      <td>24.6</td>\n",
       "      <td>35.6</td>\n",
       "      <td>30.7</td>\n",
       "      <td>19.5</td>\n",
       "    </tr>\n",
       "    <tr>\n",
       "      <th>239</th>\n",
       "      <td>1.0256</td>\n",
       "      <td>67</td>\n",
       "      <td>227.75</td>\n",
       "      <td>72.75</td>\n",
       "      <td>41.3</td>\n",
       "      <td>115.8</td>\n",
       "      <td>113.4</td>\n",
       "      <td>109.8</td>\n",
       "      <td>65.6</td>\n",
       "      <td>46.0</td>\n",
       "      <td>25.4</td>\n",
       "      <td>35.3</td>\n",
       "      <td>29.8</td>\n",
       "      <td>19.5</td>\n",
       "    </tr>\n",
       "    <tr>\n",
       "      <th>240</th>\n",
       "      <td>1.0334</td>\n",
       "      <td>67</td>\n",
       "      <td>199.50</td>\n",
       "      <td>68.50</td>\n",
       "      <td>40.7</td>\n",
       "      <td>118.3</td>\n",
       "      <td>106.1</td>\n",
       "      <td>101.6</td>\n",
       "      <td>58.2</td>\n",
       "      <td>38.8</td>\n",
       "      <td>24.1</td>\n",
       "      <td>32.1</td>\n",
       "      <td>29.3</td>\n",
       "      <td>18.5</td>\n",
       "    </tr>\n",
       "    <tr>\n",
       "      <th>241</th>\n",
       "      <td>1.0641</td>\n",
       "      <td>68</td>\n",
       "      <td>155.50</td>\n",
       "      <td>69.25</td>\n",
       "      <td>36.3</td>\n",
       "      <td>97.4</td>\n",
       "      <td>84.3</td>\n",
       "      <td>94.4</td>\n",
       "      <td>54.3</td>\n",
       "      <td>37.5</td>\n",
       "      <td>22.6</td>\n",
       "      <td>29.2</td>\n",
       "      <td>27.3</td>\n",
       "      <td>18.5</td>\n",
       "    </tr>\n",
       "    <tr>\n",
       "      <th>242</th>\n",
       "      <td>1.0308</td>\n",
       "      <td>69</td>\n",
       "      <td>215.50</td>\n",
       "      <td>70.50</td>\n",
       "      <td>40.8</td>\n",
       "      <td>113.7</td>\n",
       "      <td>107.6</td>\n",
       "      <td>110.0</td>\n",
       "      <td>63.3</td>\n",
       "      <td>44.0</td>\n",
       "      <td>22.6</td>\n",
       "      <td>37.5</td>\n",
       "      <td>32.6</td>\n",
       "      <td>18.8</td>\n",
       "    </tr>\n",
       "    <tr>\n",
       "      <th>243</th>\n",
       "      <td>1.0736</td>\n",
       "      <td>70</td>\n",
       "      <td>134.25</td>\n",
       "      <td>67.00</td>\n",
       "      <td>34.9</td>\n",
       "      <td>89.2</td>\n",
       "      <td>83.6</td>\n",
       "      <td>88.8</td>\n",
       "      <td>49.6</td>\n",
       "      <td>34.8</td>\n",
       "      <td>21.5</td>\n",
       "      <td>25.6</td>\n",
       "      <td>25.7</td>\n",
       "      <td>18.5</td>\n",
       "    </tr>\n",
       "    <tr>\n",
       "      <th>244</th>\n",
       "      <td>1.0236</td>\n",
       "      <td>72</td>\n",
       "      <td>201.00</td>\n",
       "      <td>69.75</td>\n",
       "      <td>40.9</td>\n",
       "      <td>108.5</td>\n",
       "      <td>105.0</td>\n",
       "      <td>104.5</td>\n",
       "      <td>59.6</td>\n",
       "      <td>40.8</td>\n",
       "      <td>23.2</td>\n",
       "      <td>35.2</td>\n",
       "      <td>28.6</td>\n",
       "      <td>20.1</td>\n",
       "    </tr>\n",
       "    <tr>\n",
       "      <th>245</th>\n",
       "      <td>1.0328</td>\n",
       "      <td>72</td>\n",
       "      <td>186.75</td>\n",
       "      <td>66.00</td>\n",
       "      <td>38.9</td>\n",
       "      <td>111.1</td>\n",
       "      <td>111.5</td>\n",
       "      <td>101.7</td>\n",
       "      <td>60.3</td>\n",
       "      <td>37.3</td>\n",
       "      <td>21.5</td>\n",
       "      <td>31.3</td>\n",
       "      <td>27.2</td>\n",
       "      <td>18.0</td>\n",
       "    </tr>\n",
       "    <tr>\n",
       "      <th>246</th>\n",
       "      <td>1.0399</td>\n",
       "      <td>72</td>\n",
       "      <td>190.75</td>\n",
       "      <td>70.50</td>\n",
       "      <td>38.9</td>\n",
       "      <td>108.3</td>\n",
       "      <td>101.3</td>\n",
       "      <td>97.8</td>\n",
       "      <td>56.0</td>\n",
       "      <td>41.6</td>\n",
       "      <td>22.7</td>\n",
       "      <td>30.5</td>\n",
       "      <td>29.4</td>\n",
       "      <td>19.8</td>\n",
       "    </tr>\n",
       "    <tr>\n",
       "      <th>247</th>\n",
       "      <td>1.0271</td>\n",
       "      <td>74</td>\n",
       "      <td>207.50</td>\n",
       "      <td>70.00</td>\n",
       "      <td>40.8</td>\n",
       "      <td>112.4</td>\n",
       "      <td>108.5</td>\n",
       "      <td>107.1</td>\n",
       "      <td>59.3</td>\n",
       "      <td>42.2</td>\n",
       "      <td>24.6</td>\n",
       "      <td>33.7</td>\n",
       "      <td>30.0</td>\n",
       "      <td>20.9</td>\n",
       "    </tr>\n",
       "  </tbody>\n",
       "</table>\n",
       "</div>"
      ],
      "text/plain": [
       "     density  age  weight  height  neck  chest  abdomen    hip  thigh  knee  \\\n",
       "228   1.0636   58  175.50   71.50  38.0  100.2     88.1   97.8   57.1  38.9   \n",
       "229   1.0384   58  161.75   67.25  35.1   94.9     94.9  100.2   56.8  35.9   \n",
       "230   1.0403   60  157.75   67.50  40.4   97.2     93.3   94.0   54.3  35.7   \n",
       "231   1.0563   62  168.75   67.50  38.3  104.7     95.6   93.7   54.4  37.1   \n",
       "232   1.0424   62  191.50   72.25  40.6  104.0     98.2  101.1   59.3  40.3   \n",
       "233   1.0372   63  219.15   69.50  40.2  117.6    113.8  111.8   63.4  41.1   \n",
       "234   1.0705   64  155.25   69.50  37.9   95.8     82.8   94.5   61.2  39.1   \n",
       "235   1.0316   65  189.75   65.75  40.8  106.4    100.5  100.5   59.2  38.1   \n",
       "236   1.0599   65  127.50   65.75  34.7   93.0     79.7   87.6   50.7  33.4   \n",
       "237   1.0207   65  224.50   68.25  38.8  119.6    118.0  114.3   61.3  42.1   \n",
       "238   1.0304   66  234.25   72.00  41.4  119.7    109.0  109.1   63.7  42.4   \n",
       "239   1.0256   67  227.75   72.75  41.3  115.8    113.4  109.8   65.6  46.0   \n",
       "240   1.0334   67  199.50   68.50  40.7  118.3    106.1  101.6   58.2  38.8   \n",
       "241   1.0641   68  155.50   69.25  36.3   97.4     84.3   94.4   54.3  37.5   \n",
       "242   1.0308   69  215.50   70.50  40.8  113.7    107.6  110.0   63.3  44.0   \n",
       "243   1.0736   70  134.25   67.00  34.9   89.2     83.6   88.8   49.6  34.8   \n",
       "244   1.0236   72  201.00   69.75  40.9  108.5    105.0  104.5   59.6  40.8   \n",
       "245   1.0328   72  186.75   66.00  38.9  111.1    111.5  101.7   60.3  37.3   \n",
       "246   1.0399   72  190.75   70.50  38.9  108.3    101.3   97.8   56.0  41.6   \n",
       "247   1.0271   74  207.50   70.00  40.8  112.4    108.5  107.1   59.3  42.2   \n",
       "\n",
       "     ankle  biceps  forearm  wrist  \n",
       "228   23.6    30.9     29.6   18.0  \n",
       "229   21.0    27.8     26.1   17.6  \n",
       "230   21.0    31.3     28.7   18.3  \n",
       "231   22.7    30.3     26.3   18.3  \n",
       "232   23.0    32.6     28.5   19.0  \n",
       "233   22.3    35.1     29.6   18.5  \n",
       "234   22.3    29.8     28.9   18.3  \n",
       "235   24.0    35.9     30.5   19.1  \n",
       "236   20.1    28.5     24.8   16.5  \n",
       "237   23.4    34.9     30.1   19.4  \n",
       "238   24.6    35.6     30.7   19.5  \n",
       "239   25.4    35.3     29.8   19.5  \n",
       "240   24.1    32.1     29.3   18.5  \n",
       "241   22.6    29.2     27.3   18.5  \n",
       "242   22.6    37.5     32.6   18.8  \n",
       "243   21.5    25.6     25.7   18.5  \n",
       "244   23.2    35.2     28.6   20.1  \n",
       "245   21.5    31.3     27.2   18.0  \n",
       "246   22.7    30.5     29.4   19.8  \n",
       "247   24.6    33.7     30.0   20.9  "
      ]
     },
     "execution_count": 10,
     "metadata": {},
     "output_type": "execute_result"
    }
   ],
   "source": [
    "df_body = pd.read_csv(DATAFILE)\n",
    "df_y = df_body['density']\n",
    "df_body.tail(20)"
   ]
  },
  {
   "cell_type": "code",
   "execution_count": 6,
   "metadata": {},
   "outputs": [
    {
     "data": {
      "text/plain": [
       "243    1.0736\n",
       "244    1.0236\n",
       "245    1.0328\n",
       "246    1.0399\n",
       "247    1.0271\n",
       "Name: density, dtype: float64"
      ]
     },
     "execution_count": 6,
     "metadata": {},
     "output_type": "execute_result"
    }
   ],
   "source": [
    "df_y.tail(5)"
   ]
  },
  {
   "cell_type": "markdown",
   "metadata": {},
   "source": [
    "## I -Simple analysis"
   ]
  },
  {
   "cell_type": "markdown",
   "metadata": {},
   "source": [
    "### I.1. Multicollinearity diagnostics and treatments."
   ]
  },
  {
   "cell_type": "code",
   "execution_count": 12,
   "metadata": {},
   "outputs": [
    {
     "data": {
      "text/html": [
       "<div>\n",
       "<style scoped>\n",
       "    .dataframe tbody tr th:only-of-type {\n",
       "        vertical-align: middle;\n",
       "    }\n",
       "\n",
       "    .dataframe tbody tr th {\n",
       "        vertical-align: top;\n",
       "    }\n",
       "\n",
       "    .dataframe thead th {\n",
       "        text-align: right;\n",
       "    }\n",
       "</style>\n",
       "<table border=\"1\" class=\"dataframe\">\n",
       "  <thead>\n",
       "    <tr style=\"text-align: right;\">\n",
       "      <th></th>\n",
       "      <th>density</th>\n",
       "      <th>age</th>\n",
       "      <th>weight</th>\n",
       "      <th>height</th>\n",
       "      <th>neck</th>\n",
       "      <th>chest</th>\n",
       "      <th>abdomen</th>\n",
       "      <th>hip</th>\n",
       "      <th>thigh</th>\n",
       "      <th>knee</th>\n",
       "      <th>ankle</th>\n",
       "      <th>biceps</th>\n",
       "      <th>forearm</th>\n",
       "      <th>wrist</th>\n",
       "    </tr>\n",
       "  </thead>\n",
       "  <tbody>\n",
       "    <tr>\n",
       "      <th>density</th>\n",
       "      <td>1.000000</td>\n",
       "      <td>-0.292170</td>\n",
       "      <td>-0.614712</td>\n",
       "      <td>0.013399</td>\n",
       "      <td>-0.496096</td>\n",
       "      <td>-0.706127</td>\n",
       "      <td>-0.812813</td>\n",
       "      <td>-0.620800</td>\n",
       "      <td>-0.555778</td>\n",
       "      <td>-0.510574</td>\n",
       "      <td>-0.264546</td>\n",
       "      <td>-0.492086</td>\n",
       "      <td>-0.365266</td>\n",
       "      <td>-0.362697</td>\n",
       "    </tr>\n",
       "    <tr>\n",
       "      <th>age</th>\n",
       "      <td>-0.292170</td>\n",
       "      <td>1.000000</td>\n",
       "      <td>-0.013295</td>\n",
       "      <td>-0.252471</td>\n",
       "      <td>0.113228</td>\n",
       "      <td>0.178757</td>\n",
       "      <td>0.234927</td>\n",
       "      <td>-0.051717</td>\n",
       "      <td>-0.202088</td>\n",
       "      <td>0.016761</td>\n",
       "      <td>-0.102080</td>\n",
       "      <td>-0.039038</td>\n",
       "      <td>-0.086114</td>\n",
       "      <td>0.209858</td>\n",
       "    </tr>\n",
       "    <tr>\n",
       "      <th>weight</th>\n",
       "      <td>-0.614712</td>\n",
       "      <td>-0.013295</td>\n",
       "      <td>1.000000</td>\n",
       "      <td>0.481665</td>\n",
       "      <td>0.832173</td>\n",
       "      <td>0.892192</td>\n",
       "      <td>0.887794</td>\n",
       "      <td>0.943481</td>\n",
       "      <td>0.871166</td>\n",
       "      <td>0.851990</td>\n",
       "      <td>0.613561</td>\n",
       "      <td>0.801363</td>\n",
       "      <td>0.626478</td>\n",
       "      <td>0.734500</td>\n",
       "    </tr>\n",
       "    <tr>\n",
       "      <th>height</th>\n",
       "      <td>0.013399</td>\n",
       "      <td>-0.252471</td>\n",
       "      <td>0.481665</td>\n",
       "      <td>1.000000</td>\n",
       "      <td>0.313276</td>\n",
       "      <td>0.214511</td>\n",
       "      <td>0.186642</td>\n",
       "      <td>0.373692</td>\n",
       "      <td>0.345595</td>\n",
       "      <td>0.497857</td>\n",
       "      <td>0.398591</td>\n",
       "      <td>0.321942</td>\n",
       "      <td>0.315541</td>\n",
       "      <td>0.383182</td>\n",
       "    </tr>\n",
       "    <tr>\n",
       "      <th>neck</th>\n",
       "      <td>-0.496096</td>\n",
       "      <td>0.113228</td>\n",
       "      <td>0.832173</td>\n",
       "      <td>0.313276</td>\n",
       "      <td>1.000000</td>\n",
       "      <td>0.783565</td>\n",
       "      <td>0.756410</td>\n",
       "      <td>0.744423</td>\n",
       "      <td>0.704817</td>\n",
       "      <td>0.677473</td>\n",
       "      <td>0.477084</td>\n",
       "      <td>0.731845</td>\n",
       "      <td>0.619421</td>\n",
       "      <td>0.745489</td>\n",
       "    </tr>\n",
       "    <tr>\n",
       "      <th>chest</th>\n",
       "      <td>-0.706127</td>\n",
       "      <td>0.178757</td>\n",
       "      <td>0.892192</td>\n",
       "      <td>0.214511</td>\n",
       "      <td>0.783565</td>\n",
       "      <td>1.000000</td>\n",
       "      <td>0.916183</td>\n",
       "      <td>0.830798</td>\n",
       "      <td>0.729803</td>\n",
       "      <td>0.717158</td>\n",
       "      <td>0.480504</td>\n",
       "      <td>0.726893</td>\n",
       "      <td>0.574818</td>\n",
       "      <td>0.662774</td>\n",
       "    </tr>\n",
       "    <tr>\n",
       "      <th>abdomen</th>\n",
       "      <td>-0.812813</td>\n",
       "      <td>0.234927</td>\n",
       "      <td>0.887794</td>\n",
       "      <td>0.186642</td>\n",
       "      <td>0.756410</td>\n",
       "      <td>0.916183</td>\n",
       "      <td>1.000000</td>\n",
       "      <td>0.874254</td>\n",
       "      <td>0.763586</td>\n",
       "      <td>0.735772</td>\n",
       "      <td>0.449210</td>\n",
       "      <td>0.682019</td>\n",
       "      <td>0.499562</td>\n",
       "      <td>0.629584</td>\n",
       "    </tr>\n",
       "    <tr>\n",
       "      <th>hip</th>\n",
       "      <td>-0.620800</td>\n",
       "      <td>-0.051717</td>\n",
       "      <td>0.943481</td>\n",
       "      <td>0.373692</td>\n",
       "      <td>0.744423</td>\n",
       "      <td>0.830798</td>\n",
       "      <td>0.874254</td>\n",
       "      <td>1.000000</td>\n",
       "      <td>0.894364</td>\n",
       "      <td>0.820504</td>\n",
       "      <td>0.559534</td>\n",
       "      <td>0.741930</td>\n",
       "      <td>0.545308</td>\n",
       "      <td>0.644363</td>\n",
       "    </tr>\n",
       "    <tr>\n",
       "      <th>thigh</th>\n",
       "      <td>-0.555778</td>\n",
       "      <td>-0.202088</td>\n",
       "      <td>0.871166</td>\n",
       "      <td>0.345595</td>\n",
       "      <td>0.704817</td>\n",
       "      <td>0.729803</td>\n",
       "      <td>0.763586</td>\n",
       "      <td>0.894364</td>\n",
       "      <td>1.000000</td>\n",
       "      <td>0.798465</td>\n",
       "      <td>0.538937</td>\n",
       "      <td>0.762771</td>\n",
       "      <td>0.568316</td>\n",
       "      <td>0.576245</td>\n",
       "    </tr>\n",
       "    <tr>\n",
       "      <th>knee</th>\n",
       "      <td>-0.510574</td>\n",
       "      <td>0.016761</td>\n",
       "      <td>0.851990</td>\n",
       "      <td>0.497857</td>\n",
       "      <td>0.677473</td>\n",
       "      <td>0.717158</td>\n",
       "      <td>0.735772</td>\n",
       "      <td>0.820504</td>\n",
       "      <td>0.798465</td>\n",
       "      <td>1.000000</td>\n",
       "      <td>0.614049</td>\n",
       "      <td>0.681113</td>\n",
       "      <td>0.554681</td>\n",
       "      <td>0.671552</td>\n",
       "    </tr>\n",
       "    <tr>\n",
       "      <th>ankle</th>\n",
       "      <td>-0.264546</td>\n",
       "      <td>-0.102080</td>\n",
       "      <td>0.613561</td>\n",
       "      <td>0.398591</td>\n",
       "      <td>0.477084</td>\n",
       "      <td>0.480504</td>\n",
       "      <td>0.449210</td>\n",
       "      <td>0.559534</td>\n",
       "      <td>0.538937</td>\n",
       "      <td>0.614049</td>\n",
       "      <td>1.000000</td>\n",
       "      <td>0.480979</td>\n",
       "      <td>0.416430</td>\n",
       "      <td>0.575405</td>\n",
       "    </tr>\n",
       "    <tr>\n",
       "      <th>biceps</th>\n",
       "      <td>-0.492086</td>\n",
       "      <td>-0.039038</td>\n",
       "      <td>0.801363</td>\n",
       "      <td>0.321942</td>\n",
       "      <td>0.731845</td>\n",
       "      <td>0.726893</td>\n",
       "      <td>0.682019</td>\n",
       "      <td>0.741930</td>\n",
       "      <td>0.762771</td>\n",
       "      <td>0.681113</td>\n",
       "      <td>0.480979</td>\n",
       "      <td>1.000000</td>\n",
       "      <td>0.676870</td>\n",
       "      <td>0.641818</td>\n",
       "    </tr>\n",
       "    <tr>\n",
       "      <th>forearm</th>\n",
       "      <td>-0.365266</td>\n",
       "      <td>-0.086114</td>\n",
       "      <td>0.626478</td>\n",
       "      <td>0.315541</td>\n",
       "      <td>0.619421</td>\n",
       "      <td>0.574818</td>\n",
       "      <td>0.499562</td>\n",
       "      <td>0.545308</td>\n",
       "      <td>0.568316</td>\n",
       "      <td>0.554681</td>\n",
       "      <td>0.416430</td>\n",
       "      <td>0.676870</td>\n",
       "      <td>1.000000</td>\n",
       "      <td>0.585306</td>\n",
       "    </tr>\n",
       "    <tr>\n",
       "      <th>wrist</th>\n",
       "      <td>-0.362697</td>\n",
       "      <td>0.209858</td>\n",
       "      <td>0.734500</td>\n",
       "      <td>0.383182</td>\n",
       "      <td>0.745489</td>\n",
       "      <td>0.662774</td>\n",
       "      <td>0.629584</td>\n",
       "      <td>0.644363</td>\n",
       "      <td>0.576245</td>\n",
       "      <td>0.671552</td>\n",
       "      <td>0.575405</td>\n",
       "      <td>0.641818</td>\n",
       "      <td>0.585306</td>\n",
       "      <td>1.000000</td>\n",
       "    </tr>\n",
       "  </tbody>\n",
       "</table>\n",
       "</div>"
      ],
      "text/plain": [
       "          density       age    weight    height      neck     chest   abdomen  \\\n",
       "density  1.000000 -0.292170 -0.614712  0.013399 -0.496096 -0.706127 -0.812813   \n",
       "age     -0.292170  1.000000 -0.013295 -0.252471  0.113228  0.178757  0.234927   \n",
       "weight  -0.614712 -0.013295  1.000000  0.481665  0.832173  0.892192  0.887794   \n",
       "height   0.013399 -0.252471  0.481665  1.000000  0.313276  0.214511  0.186642   \n",
       "neck    -0.496096  0.113228  0.832173  0.313276  1.000000  0.783565  0.756410   \n",
       "chest   -0.706127  0.178757  0.892192  0.214511  0.783565  1.000000  0.916183   \n",
       "abdomen -0.812813  0.234927  0.887794  0.186642  0.756410  0.916183  1.000000   \n",
       "hip     -0.620800 -0.051717  0.943481  0.373692  0.744423  0.830798  0.874254   \n",
       "thigh   -0.555778 -0.202088  0.871166  0.345595  0.704817  0.729803  0.763586   \n",
       "knee    -0.510574  0.016761  0.851990  0.497857  0.677473  0.717158  0.735772   \n",
       "ankle   -0.264546 -0.102080  0.613561  0.398591  0.477084  0.480504  0.449210   \n",
       "biceps  -0.492086 -0.039038  0.801363  0.321942  0.731845  0.726893  0.682019   \n",
       "forearm -0.365266 -0.086114  0.626478  0.315541  0.619421  0.574818  0.499562   \n",
       "wrist   -0.362697  0.209858  0.734500  0.383182  0.745489  0.662774  0.629584   \n",
       "\n",
       "              hip     thigh      knee     ankle    biceps   forearm     wrist  \n",
       "density -0.620800 -0.555778 -0.510574 -0.264546 -0.492086 -0.365266 -0.362697  \n",
       "age     -0.051717 -0.202088  0.016761 -0.102080 -0.039038 -0.086114  0.209858  \n",
       "weight   0.943481  0.871166  0.851990  0.613561  0.801363  0.626478  0.734500  \n",
       "height   0.373692  0.345595  0.497857  0.398591  0.321942  0.315541  0.383182  \n",
       "neck     0.744423  0.704817  0.677473  0.477084  0.731845  0.619421  0.745489  \n",
       "chest    0.830798  0.729803  0.717158  0.480504  0.726893  0.574818  0.662774  \n",
       "abdomen  0.874254  0.763586  0.735772  0.449210  0.682019  0.499562  0.629584  \n",
       "hip      1.000000  0.894364  0.820504  0.559534  0.741930  0.545308  0.644363  \n",
       "thigh    0.894364  1.000000  0.798465  0.538937  0.762771  0.568316  0.576245  \n",
       "knee     0.820504  0.798465  1.000000  0.614049  0.681113  0.554681  0.671552  \n",
       "ankle    0.559534  0.538937  0.614049  1.000000  0.480979  0.416430  0.575405  \n",
       "biceps   0.741930  0.762771  0.681113  0.480979  1.000000  0.676870  0.641818  \n",
       "forearm  0.545308  0.568316  0.554681  0.416430  0.676870  1.000000  0.585306  \n",
       "wrist    0.644363  0.576245  0.671552  0.575405  0.641818  0.585306  1.000000  "
      ]
     },
     "execution_count": 12,
     "metadata": {},
     "output_type": "execute_result"
    }
   ],
   "source": [
    "df_body.corr()"
   ]
  },
  {
   "cell_type": "markdown",
   "metadata": {},
   "source": [
    "### CORRELATION MATRIX"
   ]
  },
  {
   "cell_type": "code",
   "execution_count": 16,
   "metadata": {},
   "outputs": [
    {
     "data": {
